1 135 5 13 8
2 136 5 10 15
3 34 2 9 9
4 148 3 16 11
5 18 1 9 6
6 1 4 10 9
7 124 5 4 11
8 105 1 5 1
9 35 4 13 6
10 59 5 8 4
11 44 1 10 10
12 131 2 15 20
13 14 2 4 15
14 97 2 13 14
15 85 2 17 8
16 8 2 10 11
17 117 1 18 3
18 126 3 15 11
19 134 4 9 1
20 62 1 9 16
21 109 1 7 15
22 109 5 5 8
23 140 1 11 10
24 118 3 11 19
25 126 4 2 20
26 118 4 2 14
27 132 2 17 1
28 125 5 10 15
29 96 1 3 3
30 57 4 3 3
31 89 2 8 15
32 26 1 11 18
33 56 4 18 9
34 136 2 3 18
35 111 3 12 19
36 73 3 3 13
37 19 2 18 11
38 132 5 5 14
39 132 5 15 13
40 98 5 2 4
41 149 3 15 10
42 11 1 9 7
43 94 2 9 3
44 134 3 2 9
45 20 2 14 11
46 99 2 12 7
47 115 5 4 9
48 125 4 4 5
49 146 4 12 11
50 45 2 8 13
51 53 2 20 13
52 107 2 4 12
53 39 5 13 19
54 46 1 5 8
55 135 2 2 18
56 67 5 1 4
57 36 1 4 4
58 112 1 16 8
59 60 2 1 9
60 119 1 10 10
61 114 2 17 18
62 84 1 14 2
63 85 3 7 6
64 64 1 5 7
65 56 1 17 20
66 110 1 13 19
67 132 3 8 19
68 17 5 10 15
69 80 5 1 9
70 50 3 9 8
71 110 4 14 8
72 122 2 16 4
73 95 3 10 20
74 111 5 7 7
75 86 3 9 6
76 122 1 14 11
77 26 5 1 16
78 102 4 20 12
79 150 2 7 7
80 128 4 18 20
81 134 2 11 16
82 60 2 2 20
83 138 1 4 7
84 31 5 17 13
85 133 5 5 7
86 119 4 9 12
87 94 2 7 8
88 134 3 15 3
89 108 5 4 12
90 76 4 18 10
91 150 2 5 6
92 109 3 2 14
93 85 4 1 18
94 10 3 3 13
95 81 5 20 11
96 73 1 12 8
97 48 3 9 15
98 2 1 16 4
99 84 1 4 3
100 0 1 19 2
101 110 4 1 8
102 2 4 6 16
103 46 2 19 19
104 48 2 7 17
105 83 2 10 15
106 2 5 6 16
107 3 1 18 9
108 120 2 15 13
109 90 2 17 3
110 49 4 6 6
111 24 4 20 10
112 36 4 9 4
113 142 1 3 18
114 117 2 10 4
115 66 1 9 6
116 5 5 18 11
117 0 5 13 13
118 126 1 7 14
119 1 4 12 2
120 38 4 7 2
121 101 2 16 1
122 108 1 6 1
123 80 4 18 8
124 119 3 20 11
125 69 2 5 3
126 80 2 17 18
127 56 5 5 8
128 76 1 15 15
129 86 2 17 8
130 60 3 8 7
131 100 3 2 4
132 46 4 13 3
133 17 4 9 4
134 86 2 12 16
135 70 1 13 12
136 48 1 7 7
137 21 4 18 10
138 84 1 14 6
139 132 4 15 18
140 146 4 5 1
141 121 3 6 6
142 39 1 12 18
143 22 3 18 6
144 25 3 6 13
145 76 4 8 5
146 12 5 2 5
147 126 1 15 13
148 51 2 9 14
149 0 1 14 19
150 9 5 13 5
151 140 1 18 1
152 101 1 19 19
153 74 2 13 15
154 0 4 15 13
155 137 4 9 15
156 17 2 11 18
157 124 5 14 16
158 90 2 11 4
159 147 1 20 15
160 93 5 16 7
161 82 4 19 13
162 80 1 4 6
163 12 1 20 14
164 24 3 4 20
165 10 4 3 17
166 96 3 7 9
167 18 3 20 18
168 142 2 16 2
169 118 1 8 19
170 1 5 15 4
171 1 1 18 15
172 73 5 16 1
173 27 5 11 6
174 18 5 7 18
175 126 3 1 15
176 112 3 11 4
177 148 1 2 5
178 143 4 11 15
179 0 4 18 2
180 40 2 20 6
181 38 1 20 15
182 19 3 5 4
183 43 4 5 2
184 42 1 1 16
185 85 1 11 6
186 2 3 12 15
187 3 4 16 3
188 128 3 18 17
189 8 2 5 3
190 137 5 11 15
191 35 2 3 2
192 145 4 6 16
193 93 2 5 11
194 6 1 2 15
195 106 1 16 17
196 105 3 20 10
197 149 1 14 15
198 128 3 15 7
199 22 1 3 9
200 51 2 6 6
201 133 2 7 16
202 150 1 9 4
203 48 5 18 14
204 70 4 9 7
205 18 1 10 19
206 81 3 7 8
207 20 3 17 13
208 21 2 13 11
209 113 4 9 5
210 3 5 6 2
211 122 5 2 8
212 145 5 4 6
213 27 1 7 11
214 99 3 9 1
215 145 3 10 15
216 36 4 15 11
217 43 2 3 18
218 60 4 3 17
219 114 4 16 4
220 18 2 15 9
221 82 3 16 19
222 13 5 16 19
223 5 4 16 3
224 102 3 5 17
225 28 5 1 11
226 88 2 1 13
227 63 3 1 18
228 10 3 5 2
229 39 4 17 6
230 130 1 4 18
231 67 1 8 13
232 97 2 1 7
233 123 4 15 19
234 26 3 8 5
235 105 3 11 17
236 10 1 6 18
237 1 4 14 18
238 23 1 8 6
239 140 3 6 12
240 71 1 8 19
241 31 4 13 15
242 141 4 13 18
243 23 2 11 19
244 83 2 2 8
245 23 3 7 5
246 45 1 10 19
247 128 4 11 5
248 102 3 15 10
249 5 3 11 15
250 118 2 14 12
251 1 5 14 10
252 13 4 1 14
253 103 1 9 20
254 121 5 9 20
255 42 3 13 12
256 138 3 4 20
257 95 5 9 7
258 118 1 13 19
259 18 3 10 7
260 62 4 19 6
261 41 5 18 10
262 46 1 18 14
263 137 3 14 17
264 150 1 9 9
265 149 1 8 19
266 27 5 4 19
267 5 2 9 10
268 64 2 8 17
269 36 5 7 5
270 92 1 7 5
271 13 1 8 4
272 135 5 5 4
273 112 3 18 14
274 51 1 17 15
275 142 4 5 2
276 26 3 16 7
277 84 2 17 3
278 105 5 5 17
279 128 5 1 5
280 111 5 7 7
281 32 5 12 17
282 122 5 3 20
283 99 3 12 17
284 131 1 7 12
285 129 3 10 17
286 102 3 8 6
287 128 1 20 3
288 121 2 17 8
289 53 1 7 20
290 44 2 6 7
291 106 3 5 1
292 130 5 6 11
293 64 1 16 3
294 124 1 12 7
295 63 5 13 11
296 82 2 2 16
297 116 3 17 3
298 97 5 18 6
299 34 2 20 3
300 102 4 15 2
301 31 4 13 13
302 85 3 2 6
303 81 4 19 5
304 82 5 6 15
305 113 5 16 6
306 130 2 6 13
307 6 3 17 11
308 149 1 15 11
309 121 3 7 7
310 74 4 12 9
311 127 4 4 9
312 84 5 17 20
313 32 2 7 13
314 19 1 16 2
315 91 5 3 9
316 94 5 15 19
317 69 4 16 16
318 53 1 20 1
319 96 4 19 7
320 74 1 15 9
321 111 2 5 19
322 113 5 8 15
323 8 2 4 20
324 85 4 14 14
325 15 4 18 13
326 7 5 8 10
327 131 3 8 14
328 63 5 12 8
329 87 1 12 9
330 32 3 20 17
331 23 5 12 1
332 146 1 11 15
333 45 4 8 18
334 95 1 14 19
335 21 2 11 15
336 84 1 20 14
337 93 2 3 15
338 23 3 5 4
339 53 2 1 9
340 18 3 4 4
341 39 1 14 11
342 47 4 17 2
343 109 2 12 18
344 42 3 3 15
345 63 5 2 9
346 55 2 7 8
347 111 3 16 14
348 73 3 8 7
349 133 4 12 8
350 71 4 1 1
351 80 5 4 7
352 18 2 18 6
353 27 5 9 10
354 119 1 2 17
355 8 3 17 20
356 100 3 14 9
357 105 3 10 20
358 95 2 9 17
359 22 5 5 10
360 116 3 11 9
361 118 4 12 16
362 81 1 15 14
363 107 1 12 17
364 65 4 16 6
365 135 4 12 9
366 69 4 15 6
367 120 5 20 10
368 12 1 11 18
369 110 5 11 5
370 129 1 12 16
371 115 3 6 7
372 108 4 13 2
373 50 4 18 17
374 123 1 2 19
375 57 4 14 9
376 6 4 11 14
377 33 1 10 14
378 26 5 7 19
379 142 1 17 11
380 89 4 13 16
381 77 4 12 1
382 102 4 6 10
383 65 3 1 9
384 124 2 9 5
385 10 5 1 15
386 9 1 6 11
387 91 4 3 1
388 45 2 12 1
389 89 2 11 20
390 31 3 3 5
391 22 4 19 3
392 111 3 11 3
393 118 3 1 11
394 36 2 7 4
395 119 5 14 13
396 33 3 2 10
397 60 3 13 4
398 105 2 1 17
399 61 5 6 2
400 37 1 12 11
401 73 4 16 8
402 91 4 12 1
403 27 1 4 19
404 138 4 12 1
405 62 3 7 11
406 94 1 1 18
407 106 1 16 12
408 149 5 7 7
409 1 4 3 8
410 28 3 7 16
411 17 5 8 10
412 13 5 16 10
413 112 1 18 10
414 92 4 13 20
415 32 5 20 15
416 113 1 6 5
417 120 1 7 8
418 30 2 19 19
419 90 1 17 12
420 90 5 15 19
421 29 1 8 5
422 63 4 14 10
423 116 1 17 4
424 68 4 20 18
425 144 2 14 4
426 148 4 8 3
427 42 1 13 7
428 70 2 2 18
429 31 4 11 20
430 149 1 5 1
431 128 3 9 15
432 32 3 9 13
433 41 4 2 8
434 6 1 14 11
435 71 1 3 20
436 129 3 3 16
437 132 3 13 3
438 60 1 4 14
439 88 3 19 12
440 40 2 17 8
441 27 5 10 19
442 9 5 17 1
443 22 4 15 6
444 17 4 7 13
445 145 5 4 17
446 137 2 9 18
447 118 5 19 19
448 5 3 16 17
449 112 2 9 10
450 127 2 5 19
451 138 1 13 19
452 108 2 7 5
453 132 4 15 11
454 137 4 18 8
455 134 3 13 19
456 10 5 14 18
457 108 2 5 1
458 57 5 10 18
459 11 1 1 5
460 46 5 2 4
461 104 1 2 9
462 144 1 5 11
463 1 2 17 14
464 15 3 7 9
465 73 5 9 16
466 122 4 20 6
467 81 4 19 1
468 103 1 19 5
469 19 5 13 19
470 116 4 1 14
471 138 4 3 2
472 0 4 7 2
473 18 2 1 3
474 62 3 3 11
475 139 5 11 11
476 122 3 8 13
477 85 1 16 9
478 31 1 9 18
479 3 4 8 3
480 123 1 15 11
481 47 3 13 10
482 97 1 20 17
483 69 5 17 11
484 119 5 20 17
485 7 3 15 6
486 47 2 15 15
487 61 2 2 11
488 108 2 1 11
489 66 3 9 12
490 14 4 1 11
491 9 2 14 17
492 134 1 19 6
493 38 1 10 8
494 38 1 18 17
495 120 4 10 17
496 9 2 18 1
497 77 5 17 10
498 82 3 19 6
499 42 1 16 8
500 81 5 9 3
501 83 2 5 1
502 56 4 6 12
503 88 1 17 4
504 52 1 15 18
505 33 2 1 20
506 135 3 11 2
507 51 4 1 9
508 47 3 18 7
509 142 2 16 14
510 24 1 19 19
511 124 3 5 1
512 35 3 6 2
513 134 3 2 2
514 34 1 19 11
515 17 2 19 8
516 144 5 2 1
517 12 2 11 18
518 42 1 9 4
519 30 2 16 12
520 81 1 13 1
521 77 1 18 4
522 115 3 17 13
523 19 4 20 13
524 54 4 1 6
525 44 1 19 11
526 78 2 20 1
527 13 1 4 13
528 35 4 3 6
529 111 1 14 17
530 134 4 8 3
531 86 4 18 12
532 85 1 7 14
533 82 2 6 11
534 129 2 8 7
535 73 3 15 11
536 66 4 19 6
537 131 4 3 18
538 22 5 15 11
539 42 2 15 12
540 117 5 20 9
541 72 4 9 11
542 60 3 18 1
543 11 3 20 16
544 66 5 3 14
545 131 5 19 20
546 37 1 4 11
547 115 2 18 14
548 54 1 17 10
549 57 3 9 7
550 66 5 8 17
551 26 3 10 18
552 102 1 2 16
553 50 1 8 8
554 2 2 14 4
555 25 4 10 7
556 127 1 12 15
557 27 4 20 11
558 59 4 7 13
559 117 1 11 10
560 113 1 12 12
561 84 4 8 17
562 73 4 13 18
563 46 5 17 16
564 134 3 3 14
565 74 3 20 15
566 129 5 12 18
567 76 3 2 20
568 61 5 9 8
569 69 5 1 6
570 123 2 17 20
571 97 5 2 16
572 49 2 16 4
573 86 1 8 6
574 86 5 9 8
575 100 1 19 11
576 85 3 5 2
577 95 3 18 6
578 49 5 6 19
579 46 1 1 14
580 22 1 17 13
581 48 1 12 9
582 66 5 16 11
583 32 1 14 17
584 42 3 20 8
585 45 5 10 10
586 76 1 8 16
587 11 2 14 9
588 74 1 12 12
589 47 4 3 16
590 77 3 8 2
591 113 4 7 16
592 116 5 6 16
593 55 4 3 18
594 146 3 19 9
595 57 3 1 6
596 99 1 7 11
597 118 1 3 15
598 2 3 12 19
599 81 1 14 1
600 62 3 19 6
601 59 3 20 2
602 80 2 8 18
603 48 4 3 1
604 16 1 17 8
605 90 1 19 2
606 46 3 10 20
607 75 3 16 20
608 113 2 4 16
609 87 3 13 13
610 19 4 13 5
611 96 3 10 18
612 67 1 9 16
613 46 4 3 16
614 139 3 1 2
615 31 1 11 16
616 71 1 7 4
617 119 2 18 9
618 130 5 19 8
619 111 5 11 8
620 66 3 1 11
621 14 1 7 3
622 79 2 5 1
623 136 5 4 11
624 62 2 9 8
625 82 1 19 16
626 149 5 3 1
627 103 5 19 13
628 2 3 12 8
629 123 1 15 13
630 147 1 10 20
631 71 3 20 19
632 88 4 19 18
633 5 4 5 3
634 142 3 7 10
635 29 4 12 3
636 39 3 14 17
637 146 3 12 11
638 38 2 8 5
639 68 2 5 5
640 21 5 11 19
641 13 4 10 10
642 42 5 1 19
643 96 2 11 3
644 60 2 19 20
645 109 5 8 12
646 78 2 19 6
647 8 2 5 9
648 60 4 15 14
649 28 1 11 20
650 110 1 19 14
651 7 3 17 5
652 126 1 3 18
653 136 5 16 18
654 11 4 7 20
655 20 4 10 11
656 126 5 10 9
657 74 2 4 3
658 28 1 3 10
659 16 2 9 20
660 16 3 11 15
661 146 4 13 15
662 57 4 8 11
663 29 2 10 14
664 9 2 11 18
665 120 2 6 17
666 104 4 20 14
667 24 2 14 14
668 140 1 9 19
669 9 5 5 17
670 8 5 19 15
671 63 5 7 12
672 132 5 16 6
673 86 1 11 11
674 64 1 10 15
675 30 2 14 9
676 24 4 18 18
677 146 3 18 17
678 132 1 6 15
679 95 1 15 19
680 32 1 16 9
681 137 4 17 17
682 114 1 16 1
683 134 3 12 10
684 123 3 19 11
685 19 4 6 14
686 118 2 10 1
687 47 5 13 16
688 25 1 3 3
689 90 1 18 15
690 29 3 4 20
691 80 2 20 1
692 10 5 2 3
693 97 5 19 11
694 129 4 4 3
695 90 1 1 15
696 150 3 17 12
697 9 1 20 4
698 61 3 13 11
699 15 2 14 18
700 38 5 13 18
701 41 4 7 3
702 51 3 18 2
703 44 3 3 11
704 14 1 14 15
705 59 3 10 17
706 30 1 19 12
707 33 5 10 12
708 129 5 6 20
709 63 2 20 19
710 96 1 18 2
711 127 5 15 18
712 6 2 2 5
713 49 1 12 7
714 87 2 6 13
715 24 5 16 13
716 78 5 19 1
717 25 2 1 16
718 46 2 2 2
719 53 2 1 2
720 84 4 5 14
721 37 5 9 19
722 98 3 3 3
723 131 5 12 11
724 5 3 18 20
725 34 2 6 7
726 9 4 12 7
727 88 1 13 20
728 77 4 7 6
729 34 1 11 4
730 110 1 4 1
731 139 4 10 7
732 55 4 17 18
733 149 1 19 3
734 115 4 15 6
735 145 2 7 8
736 141 1 5 9
737 145 3 1 5
738 38 5 2 9
739 88 5 14 5
740 94 2 15 3
741 72 2 16 18
742 67 3 3 17
743 86 1 8 18
744 5 4 1 10
745 125 4 11 13
746 124 1 18 17
747 113 1 17 20
748 13 2 4 19
749 61 1 13 14
750 42 4 8 16
751 20 5 6 13
752 21 4 12 11
753 126 4 10 5
754 31 4 6 7
755 149 1 5 2
756 23 2 12 2
757 16 3 10 5
758 94 4 14 13
759 4 2 6 14
760 114 2 3 6
761 102 1 12 1
762 47 3 7 5
763 76 2 15 5
764 63 3 3 7
765 90 5 19 12
766 144 1 13 19
767 48 1 13 14
768 82 1 8 8
769 101 5 18 5
770 33 4 2 20
771 28 4 8 18
772 94 5 5 16
773 81 4 1 10
774 140 4 9 17
775 107 4 17 14
776 49 2 9 20
777 122 1 16 1
778 23 1 6 7
779 83 1 2 9
780 98 2 18 7
781 36 2 6 5
782 54 4 2 4
783 81 1 4 9
784 8 2 5 8
785 114 1 3 4
786 75 2 18 12
787 119 1 15 5
788 84 2 2 5
789 103 5 15 19
790 29 1 20 4
791 125 5 17 2
792 132 3 15 18
793 120 5 5 15
794 120 4 20 5
795 112 5 14 16
796 82 2 1 1
797 75 1 13 18
798 84 2 19 8
799 38 2 7 4
800 10 1 17 3
801 135 5 3 15
802 112 3 15 3
803 137 5 11 8
804 148 2 20 9
805 147 2 6 15
806 111 2 8 18
807 21 4 8 20
808 9 2 14 19
809 101 2 2 13
810 30 2 15 2
811 67 2 5 2
812 56 5 1 3
813 8 1 16 17
814 23 5 13 4
815 71 3 15 6
816 69 3 2 2
817 59 1 1 20
818 25 2 8 2
819 25 3 2 6
820 60 1 14 13
821 51 2 5 11
822 60 3 19 7
823 132 5 16 14
824 1 1 9 8
825 149 4 7 15
826 122 4 10 2
827 78 2 9 12
828 135 5 5 17
829 11 1 3 8
830 33 3 11 7
831 100 3 7 20
832 95 5 3 12
833 6 5 14 1
834 70 1 9 20
835 99 5 18 7
836 126 1 8 3
837 28 2 9 1
838 77 1 8 8
839 116 2 12 19
840 56 5 8 3
841 120 1 5 11
842 90 4 5 6
843 50 1 1 12
844 57 2 13 1
845 36 2 15 11
846 50 5 9 2
847 124 5 19 4
848 70 2 16 5
849 21 4 12 1
850 128 1 2 17
851 0 5 6 20
852 123 3 14 13
853 69 1 13 7
854 136 2 20 16
855 9 1 12 15
856 44 2 11 10
857 96 4 11 19
858 0 1 20 5
859 111 1 5 17
860 90 2 6 17
861 108 5 7 16
862 87 4 4 19
863 64 1 15 16
864 57 4 18 2
865 73 4 14 4
866 2 1 7 1
867 45 4 11 7
868 51 3 5 11
869 86 2 13 16
870 134 2 17 19
871 73 5 17 3
872 62 2 15 8
873 86 3 5 10
874 150 2 20 15
875 15 1 10 4
876 122 3 18 20
877 29 1 19 1
878 78 2 2 12
879 70 1 12 11
880 36 3 20 10
881 58 3 16 19
882 28 1 13 5
883 28 2 15 14
884 142 1 7 11
885 67 4 1 17
886 47 3 17 10
887 41 3 13 10
888 131 2 15 2
889 20 1 11 16
890 3 5 20 16
891 42 5 15 14
892 121 2 3 18
893 124 5 15 5
894 39 1 13 20
895 66 2 17 6
896 69 3 2 17
897 95 4 14 1
898 8 5 11 8
899 113 5 20 5
900 95 4 18 11
901 76 5 9 16
902 77 4 18 19
903 24 3 2 16
904 47 2 3 10
905 57 2 5 1
906 3 1 16 12
907 96 4 20 8
908 123 1 17 11
909 45 4 20 20
910 56 5 13 20
911 47 2 6 7
912 137 3 4 15
913 79 3 1 10
914 124 2 14 10
915 93 3 17 18
916 139 5 14 2
917 102 5 18 7
918 46 4 16 12
919 60 4 20 1
920 133 5 11 10
921 130 5 20 2
922 73 1 16 16
923 5 5 17 17
924 96 2 10 16
925 118 5 12 3
926 140 2 8 2
927 88 4 15 12
928 0 1 6 12
929 130 3 8 2
930 30 1 12 11
931 134 5 11 19
932 126 3 1 16
933 59 4 3 13
934 3 5 13 5
935 107 2 5 2
936 32 2 4 17
937 95 5 15 14
938 51 1 1 19
939 126 2 3 10
940 79 1 8 4
941 143 3 9 12
942 77 3 16 16
943 37 4 9 16
944 93 3 9 1
945 142 4 7 14
946 60 2 15 12
947 28 1 13 11
948 134 5 5 14
949 85 1 12 7
950 74 4 3 20
951 50 5 7 9
952 69 5 13 8
953 34 2 2 17
954 7 3 2 5
955 136 1 9 17
956 39 4 6 19
957 148 3 15 1
958 31 5 12 17
959 116 4 15 8
960 23 1 12 5
961 86 3 14 20
962 17 5 10 20
963 92 1 7 6
964 16 3 13 15
965 93 2 10 3
966 8 5 13 11
967 1 2 17 12
968 40 3 10 9
969 107 1 14 12
970 86 2 11 15
971 88 5 3 12
972 13 4 8 1
973 82 1 16 10
974 89 5 16 9
975 22 1 9 3
976 76 4 7 20
977 5 2 18 6
978 83 2 5 11
979 117 5 1 8
980 150 3 14 11
981 72 4 11 15
982 80 4 16 17
983 146 4 19 11
984 114 2 12 10
985 93 3 2 9
986 54 3 16 4
987 115 5 9 2
988 120 1 14 19
989 122 3 14 17
990 112 1 4 5
991 131 3 7 16
992 9 4 3 11
993 21 4 2 20
994 64 5 9 9
995 121 3 11 10
996 88 1 10 10
997 85 5 13 6
998 38 4 18 10
999 143 2 6 12
1000 90 5 5 18
